<?xml version="1.0"?>
<opencv_storage>
<result type_id="opencv-matrix">
  <rows>4</rows>
  <cols>4</cols>
  <dt>d</dt>
  <data>
    8.9006038415810018e-01 -3.9672676063296941e-01
    -2.9660903567134916e-01 1.2317637553511898e+02
    -4.4728607636015949e-01 -9.0577580550071957e-01
    -1.3069768994032843e-01 8.5291738943945177e+00
    -2.1284785302781589e-01 2.4444753559624038e-01
    -9.6566957283237198e-01 -4.3363964266900280e+02 0. 0. 0. 1.</data></result>
</opencv_storage>
