<?xml version="1.0"?>
<opencv_storage>
<robotpose type_id="opencv-matrix">
  <rows>13</rows>
  <cols>7</cols>
  <dt>d</dt>
  <data>
    8.9663463386519937e-01 3.1564460917181714e-01
    -1.6314818927153343e-01 -2.6419213158534938e-01
    -1.1810735876851194e+02 -2.6280489874049834e+02
    5.9543091398798924e+02 5.2519187557571956e-01 5.7342196775990284e-02
    -4.1037688382970644e-01 -7.4328741380194319e-01
    1.6153487573265858e+02 -2.4071730023067934e+02
    5.7990970193776968e+02 8.9295037025331447e-01 3.6308347751376180e-01
    -2.5545848945762123e-01 -7.4504931279832695e-02
    4.4896925648293546e+01 -2.1530484630934879e+02
    5.7286139391659981e+02 5.5680141561154739e-01 3.0052995571072066e-01
    2.8479435252816454e-01 7.2010145539469139e-01
    -1.0238819182551991e+02 -1.1752459648777889e+02
    5.0323599180284327e+02 5.4150396641680065e-01 1.6464033020476476e-01
    3.3531460104907906e-01 7.5314748512375418e-01
    -2.7491546551267766e+02 -1.3040594974244530e+02
    5.0786029543557510e+02 8.8326589674348965e-01 3.3126131403762998e-01
    1.1925061801865083e-01 3.0965559509582813e-01
    -2.1708333493139841e+02 -2.3249813027168275e+02
    5.2125487846676742e+02 8.5753269027787959e-01 4.5616177312279182e-01
    -1.7626716705378154e-01 -1.5963711243030887e-01
    -1.4698331214648513e+02 -7.7857459371289139e+01
    4.8610322015387788e+02 4.8201514853211835e-01 1.0822823872021402e-01
    -2.9041005895088934e-01 -8.1951817709506680e-01
    -6.0928393444032672e+01 -3.2064978226320449e+02
    5.6737399043085702e+02 4.3293003405026065e-01 3.1051947613232789e-01
    1.6286270204471479e-01 8.3043662060535317e-01 1.1973041112198419e+02
    -2.9899262910197240e+02 5.3371428564798680e+02
    3.3799262543247183e-01 5.2533177215451543e-01 3.1031006335734629e-01
    7.1658577916214661e-01 2.5276020769780760e+02
    -1.0065778509640739e+02 2.3836956274864735e+02
    4.6856070719910825e-01 2.6572705163281735e-01 1.8308069040886774e-01
    8.2238765706874151e-01 2.2800637559939329e+01
    -2.5955773649336959e+02 5.6564096213612561e+02
    9.3471905040746206e-02 3.6866224487981124e-02
    -2.8271178828866850e-01 -9.5392763311620155e-01
    -9.8060621162769650e+01 -3.4709870748800154e+02
    5.2021504860307311e+02 4.0711989543487614e-01 2.0426218352061279e-01
    -3.1847384211606483e-01 -8.3132710951364919e-01
    -1.9332924509172057e+02 -2.3650886711387363e+02
    5.2232405592884425e+02</data></robotpose>
</opencv_storage>
